90895
91001
91006
91007
91011
91010
91016
91020
91017
93510
91023
91024
91030
91040
91043
91042
91101
91103
91105
93534
91104
93532
91107
93536
91106
93535
91108
93543
93544
91123
93551
93550
93553
93552
91182
93563
93590
91189
91202
91201
93591
91204
91203
91206
91205
91208
91207
91210
91214
91302
91301
91304
91303
91306
91307
91310
92397
91311
91316
91321
91325
91324
91326
91331
91330
91335
91340
91343
91342
91345
91344
91350
91346
91352
91351
91354
91356
91355
91357
91361
91364
91367
91365
91381
91383
91384
91387
91390
91402
91401
91403
91406
91405
91411
91423
91436
91495
91501
91502
91505
91504
91506
91602
91601
91604
91606
91605
91608
91607
91614
91706
91702
91711
91722
91724
91723
91732
91731
91733
91735
91740
91741
91745
91744
91747
91746
91748
90002
91750
90001
91755
90004
91754
90003
90006
90005
90008
91759
90007
90010
90012
91765
90011
90014
91767
91766
90013
90016
91768
90015
90018
90017
91770
91773
90020
91772
90019
91776
90022
90021
91775
91780
90024
91778
90023
90026
90025
90028
90027
91790
90029
91789
90032
91792
90031
91791
90034
91793
90033
90036
90035
90038
91801
90037
90040
91803
90039
90042
90041
90044
90043
90046
90045
90048
90047
90049
90052
90056
90058
90057
90060
90059
90062
90061
90064
90063
90066
90065
90068
90067
90069
90071
90074
90077
91008
90084
90089
90095
90094
90096
90201
90189
90211
90210
90212
90221
90220
90222
90230
90232
90241
90240
90245
90242
90248
90247
90250
90249
90254
90260
90255
90262
90264
90263
90266
90265
90270
90274
90272
90277
90275
90280
90278
90291
90290
90293
90292
90295
90301
90296
90303
90302
90305
90304
90402
90401
90404
90403
90406
93243
90405
90501
90503
90502
90505
90504
90508
90601
90603
90602
90605
90604
90606
90631
90639
90638
90650
90640
90660
90670
90702
90701
90704
90703
90706
90710
90713
90712
90715
90717
90716
90731
90723
90733
90732
90745
90744
90747
90746
90755
90803
90802
90805
90804
90807
90806
90808
90813
90810
90815
90814
90840
92806
92805
92808
92807
92815
92823
92822
92831
92833
92832
92835
92840
92841
92844
92843
92845
92861
92865
92867
92866
92869
92868
92870
92885
92887
92886
92530
92602
92604
92603
92606
92605
92607
92612
92610
92615
90621
92614
90620
92617
90623
92616
90630
92618
92620
92625
92624
92627
92626
92629
92637
92630
92647
92646
92649
92648
92651
92653
90680
92655
92657
92656
92661
92660
92663
92662
92673
92675
92677
92676
90720
92679
92678
92683
92688
90740
92691
90743
90742
92692
92697
92694
92701
92703
92705
92704
92707
92706
92708
92780
92782
92802
92801
92804
92267
92268
91785
91784
91786
92278
92277
92285
92286
92304
92301
92307
93516
92305
92309
92308
92311
92310
92313
92312
92315
92314
92317
92316
93528
92318
92322
92321
92323
92326
92325
92327
92332
92329
92334
92333
92336
92335
92338
92337
93555
92339
92342
93558
92341
92345
92344
92347
92346
93562
92352
92350
92356
92354
92358
92357
92363
92359
92365
92364
92368
92366
92371
92369
92372
92375
92374
92377
92376
92382
92378
92385
92386
92392
92391
92394
92393
92395
92399
92398
92401
92404
92403
92405
92408
92407
92411
92410
92415
92418
91701
91709
91708
91710
91730
91729
91737
91739
91743
92242
91758
91761
92252
91763
91762
92256
91764
91362
93010
93009
93012
93011
93015
91377
93021
93023
93022
93030
93031
93033
93036
93035
93041
93040
93060
93064
93063
91320
93066
93065
93099
93094
93001
93003
93002
93004
91360
93215
93220
93222
93461
93224
93226
93225
93502
93501
93505
93504
93238
93241
93240
93518
93519
93524
93523
93527
93250
93249
93252
93251
93531
93255
93263
93268
93276
93554
93556
93561
93560
93280
93285
93283
93287
93581
93301
93596
93305
93304
93307
93306
93309
93308
93312
93311
93314
93313
93383
93387
93389
93388
93203
93205
93206
