89005
89007
89012
89011
89014
89015
89018
89021
89025
89027
89030
89029
89032
89031
89040
89039
89044
89046
89052
89053
89074
89169
89084
89183
89081
89054
89086
89085
89101
89034
89103
89002
89102
89105
89104
89107
89106
89109
89108
89111
89110
89113
89115
89117
89116
89119
89118
89121
89120
89123
89122
89125
89124
89126
89129
89128
89131
89130
89133
89132
89135
89134
89137
89139
89138
89141
89140
89143
89142
89145
89144
89147
89146
89149
89148
89151
89153
89152
89155
89154
89156
89160
89159
89161
89166
89158
89165
89178
89180
89179
89191
89185
89195
88901
89004
