94588
94587
94601
94603
94602
94605
94607
94606
94609
94608
94611
94610
94613
94612
94618
94619
94621
94660
94661
94701
94703
94702
94501
94705
94704
94707
94502
94706
94709
94708
94710
94720
94514
94536
94538
94540
94539
94542
94541
94544
94546
94545
94552
94551
94555
94560
95377
94566
94568
94577
95391
94579
94578
94580
94586
94596
94595
94598
94597
94507
94506
94509
94511
94801
94803
94513
94802
94805
94804
94807
94517
94516
94806
94519
94518
94521
94520
94523
94525
94505
94526
94528
94531
94530
94548
94547
94549
94553
94556
94561
94563
94565
94564
94569
94572
94583
94582
