95824
95823
95608
95826
95825
95610
95828
95827
95615
95830
95829
95832
95831
95834
95833
95836
95621
95835
95624
95838
95837
95841
95626
95840
95628
95843
95842
95630
95632
95864
95638
95639
95641
95652
95655
95660
95662
95670
95671
95673
95680
95811
95683
95690
95693
94203
94211
95742
95758
95757
94571
94249
95814
95816
95815
95818
95817
95820
95819
95822
95821
95679
95612
95617
95616
95691
95627
95695
95698
95697
95637
95645
95653
95776
95799
95937
95605
95607
95606
95678
95677
95681
95701
95631
95703
95713
95715
95714
95717
95722
96141
96140
96143
95724
96142
95648
96146
95728
96145
95650
95736
96148
95747
95746
95658
95765
95661
96161
95663
95668
95603
95602
