91902
91901
91905
91908
91906
91910
91911
91914
91913
91916
91915
91917
91932
91931
91934
91941
91935
91942
91945
91950
91948
91962
91963
91978
91977
91980
92004
92003
92008
92007
92010
92009
92011
92018
92014
92020
92019
92021
92024
92026
92025
92028
92027
92029
92036
92033
92037
92040
92052
92055
92054
92057
92056
92059
92058
92061
92060
92065
92064
92067
92066
92069
92071
92070
92078
92075
92081
92083
92082
92084
92086
92091
92093
92092
92101
92096
92103
92102
92105
92104
92107
92106
92109
92108
92111
92110
92113
92112
92115
92114
92117
92116
92119
92118
92121
92120
92123
92122
92126
92124
92128
92127
92130
92129
92132
92131
92134
92136
92135
92138
92140
92139
92145
92155
92154
92159
92158
92171
92173
92177
92178
92182
92672
92227
92266
92231
92273
92233
92275
92281
92244
92283
92243
92250
92249
92251
92259
92222
92264
92263
92270
92274
92276
92280
92282
92284
92320
92860
92324
92880
92879
92882
92881
92373
92502
92501
92504
92503
92506
92505
92508
92507
92509
92518
92522
92521
92531
92536
92532
92543
92539
92545
92544
92548
92546
92551
92549
92553
92555
92554
92557
92562
92561
92564
92563
92570
92567
92572
92571
92582
92584
92583
92586
92585
92589
92587
92591
92590
92593
92596
92595
92599
92201
92210
92203
92220
92211
92223
92226
92225
92230
92234
92236
92235
92240
92239
92241
91752
92247
92254
92253
92255
92258
92260
92262
92261
