94063
94062
94065
94066
94070
94080
94074
94002
94010
94005
94014
94015
94018
94401
94020
94403
94402
94019
94021
94404
94025
94027
94030
94038
94037
94044
94061
94060
95009
95008
95013
95014
95020
94085
95023
94087
94086
94089
94088
95031
95030
95033
95032
95035
95037
94301
95042
94303
95044
94305
95050
94304
95046
95051
94306
95054
95070
95111
95110
95113
95112
95117
95116
95119
95118
95121
95120
95123
95122
95125
95124
95127
95126
95129
95128
95131
95130
95133
95132
95135
95134
95136
95139
95138
95141
95140
95148
94550
95150
94022
94024
95190
95192
94028
94040
94039
94041
95002
94043
